12020000 12020000 12020000 12020000 12020000 12020000 12020000 12020000 12020000 12020000 12020000 12020000 12020000 12020000 12020000 12020000 12020000 
12020000 02000000 02000000 22010000 22010000 22010000 02000000 02000000 22010000 22010000 02000000 22010000 22010000 22010000 02000000 02000000 12020000 
12020000 02000000 12030000 22010000 12030000 02000000 12030000 02000000 12030000 02000000 12030000 22010000 12030000 22010000 12030000 02000000 12020000 
12020000 22010000 22010000 22010000 02000000 22010000 02000000 22010000 22010000 22010000 22010000 22010000 02000000 22010000 22010000 22010000 12020000 
12020000 22010000 12030000 02000000 12030000 22010000 12030000 02000000 12030000 02000000 12030000 22010000 12030000 02000000 12030000 22010000 12020000 
12020000 02000000 22010000 22010000 22010000 22010000 22010000 22010000 22010000 22010000 22010000 02000000 02000000 22010000 22010000 22010000 12020000 
12020000 02000000 12030000 22010000 12030000 02000000 12030000 22010000 12030000 22010000 12030000 22010000 12030000 22010000 12030000 22010000 12020000 
12020000 22010000 22010000 02000000 22010000 22010000 22010000 22010000 02000000 22010000 02000000 22010000 22010000 22010000 22010000 22010000 12020000 
12020000 02000000 12030000 22010000 12030000 22010000 12030000 22010000 12030000 02000000 12030000 02000000 12030000 22010000 12030000 02000000 12020000 
12020000 02000000 02000000 22010000 22010000 22010000 02000000 22010000 02000000 22010000 22010000 22010000 02000000 22010000 02000000 02000000 12020000 
12020000 12020000 12020000 12020000 12020000 12020000 12020000 12020000 12020000 12020000 12020000 12020000 12020000 12020000 12020000 12020000 12020000 